! b5toneb.scl
!
Pentatonic scale, with 2nd = 10/9 instead of 9/8
5
!
10/9
5/4
3/2
5/3
2/1
!!! information added by scale program -- DO NOT EDIT !!!
! PV = barlow
! M = [[0,12.7333333333333,8.4,3.66666666666667,9.06666666666667,1.0],[12.7333333333333,0,8.33333333333333,16.4,3.66666666666667,11.7333333333333],[8.4,8.33333333333333,0,10.0666666666667,4.66666666666667,9.4],[3.66666666666667,16.4,10.0666666666667,0,12.7333333333333,4.66666666666667],[9.06666666666667,3.66666666666667,4.66666666666667,12.7333333333333,0,10.0666666666667],[1.0,11.7333333333333,9.4,4.66666666666667,10.0666666666667,0]]
! V = [[-4.22319001403879,1.06418159129233,0.000262489484013503],[8.17640167836896,2.08045811019912,-0.00134770739142893],[2.4394291351449,-4.06791549592109,-0.00125067292290894],[-7.4545621436615,-1.10024048186127,0.000268831281613861],[5.21082494140141,-0.25636059976121,0.00275210099283852],[-4.14890359721498,2.27987687605213,-0.000685041444129236]]
! s = 0.0307117258446636
! dmax = inf
