! b5tone.scl
!
Just pentatonic scale
5
!
9/8
5/4
3/2
5/3
2/1
!!! information added by scale program -- DO NOT EDIT !!!
! PV = barlow
! M = [[0,8.33333333333333,8.4,3.66666666666667,9.06666666666667,1.0],[8.33333333333333,0,12.7333333333333,4.66666666666667,17.4,9.33333333333333],[8.4,12.7333333333333,0,10.0666666666667,4.66666666666667,9.4],[3.66666666666667,4.66666666666667,10.0666666666667,0,12.7333333333333,4.66666666666667],[9.06666666666667,17.4,4.66666666666667,12.7333333333333,0,10.0666666666667],[1.0,9.33333333333333,9.4,4.66666666666667,10.0666666666667,0]]
! V = [[-0.830911445489255,-2.18746079124646,-0.000475340209274011],[-7.90300001789887,2.68755670268323,-0.0014919480441415],[5.24984750313218,3.3939987964096,-0.000385412747820314],[-4.1362669303018,-0.175086038005218,0.003470812515343],[8.57114309051904,-0.278943028877823,0.000328779119029274],[-0.9508121999613,-3.44006564096334,-0.00144689063313689]]
! s = 0.0307357941894284
! dmax = inf
