! bohlen-p.scl
!
See Bohlen, H. 13-Tonstufen in der Duodezime, Acustica 39: 76-86 (1978)         
13
!
27/25
25/21
9/7
7/5
75/49
5/3
9/5
49/25
15/7
7/3
63/25
25/9
3/1
!!! information added by scale program -- DO NOT EDIT !!!
! PV = barlow
! M = [[0.0,20.8,25.752380952381,15.6190476190476,16.6857142857143,36.0380952380952,9.06666666666667,11.7333333333333,33.3714285714286,19.352380952381,12.952380952381,28.4190476190476,18.1333333333333,2.66666666666667],[20.8,0.0,46.552380952381,25.752380952381,24.6857142857143,51.5047619047619,29.8666666666667,9.06666666666667,28.5714285714286,34.8190476190476,33.752380952381,12.952380952381,38.9333333333333,18.1333333333333],[25.752380952381,46.552380952381,0.0,20.8,42.4380952380952,15.6190476190476,16.6857142857143,37.4857142857143,59.1238095238095,11.7333333333333,33.3714285714286,54.1714285714286,12.952380952381,28.4190476190476],[15.6190476190476,25.752380952381,20.8,0.0,32.3047619047619,25.752380952381,24.6857142857143,16.6857142857143,48.9904761904762,9.06666666666667,28.5714285714286,33.3714285714286,33.752380952381,12.952380952381],[16.6857142857143,24.6857142857143,42.4380952380952,32.3047619047619,0.0,52.7238095238095,25.752380952381,15.6190476190476,16.6857142857143,36.0380952380952,9.06666666666667,11.7333333333333,34.8190476190476,19.352380952381],[36.0380952380952,51.5047619047619,15.6190476190476,25.752380952381,52.7238095238095,0.0,32.3047619047619,42.4380952380952,69.4095238095238,16.6857142857143,48.9904761904762,59.1238095238095,28.5714285714286,33.3714285714286],[9.06666666666667,29.8666666666667,16.6857142857143,24.6857142857143,25.752380952381,32.3047619047619,0.0,20.8,42.4380952380952,15.6190476190476,16.6857142857143,37.4857142857143,9.06666666666667,11.7333333333333],[11.7333333333333,9.06666666666667,37.4857142857143,16.6857142857143,15.6190476190476,42.4380952380952,20.8,0.0,32.3047619047619,25.752380952381,24.6857142857143,16.6857142857143,29.8666666666667,9.06666666666667],[33.3714285714286,28.5714285714286,59.1238095238095,48.9904761904762,16.6857142857143,69.4095238095238,42.4380952380952,32.3047619047619,0.0,52.7238095238095,25.752380952381,15.6190476190476,51.5047619047619,36.0380952380952],[19.352380952381,34.8190476190476,11.7333333333333,9.06666666666667,36.0380952380952,16.6857142857143,15.6190476190476,25.752380952381,52.7238095238095,0.0,32.3047619047619,42.4380952380952,24.6857142857143,16.6857142857143],[12.952380952381,33.752380952381,33.3714285714286,28.5714285714286,9.06666666666667,48.9904761904762,16.6857142857143,24.6857142857143,25.752380952381,32.3047619047619,0.0,20.8,25.752380952381,15.6190476190476],[28.4190476190476,12.952380952381,54.1714285714286,33.3714285714286,11.7333333333333,59.1238095238095,37.4857142857143,16.6857142857143,15.6190476190476,42.4380952380952,20.8,0.0,46.552380952381,25.752380952381],[18.1333333333333,38.9333333333333,12.952380952381,33.752380952381,34.8190476190476,28.5714285714286,9.06666666666667,29.8666666666667,51.5047619047619,24.6857142857143,25.752380952381,46.552380952381,0.0,20.8],[2.66666666666667,18.1333333333333,28.4190476190476,12.952380952381,19.352380952381,33.3714285714286,11.7333333333333,9.06666666666667,36.0380952380952,16.6857142857143,15.6190476190476,25.752380952381,20.8,0.0]]
! V = [[0.169389430389966,1.82579316355071,-0.888568059998517],[14.5168766660985,-14.0647347809537,-7.06181192580875],[-24.9650583981247,6.0917002295074,1.1342617930227],[-8.94155233541921,-12.0322624497311,4.65753800702989],[17.1896832949581,5.26538865525256,3.42235999691509],[-34.4500045929594,-6.32667351983585,1.7162593254013],[-7.32959096032205,8.20032343584898,-2.98003886122464],[7.32959138722502,-8.20032335291845,-2.98003823729703],[34.450004523364,6.3266751916109,1.71625221342785],[-17.1896837588876,-5.26539000584547,3.42235442491153],[8.94155182082212,12.0322610850339,4.65754242175327],[24.9650581113077,-6.09170079969158,1.13426730922246],[-14.5168759298351,14.0647362375663,-7.06181044732565],[-0.169389258617237,-1.82579308939456,-0.888567960029502]]
! s = 0.053934446162029
! dmax = 16.7
