! /home/ag/src/q/q-midi-test/scales/cluster.scl
!
13-tone 5-limit Tritriadic Cluster
13
!
25/24
9/8
6/5
5/4
4/3
36/25
3/2
25/16
8/5
5/3
9/5
15/8
2/1
!!! information added by scale program -- DO NOT EDIT !!!
! PV = barlow
! M = [[0,18.4666666666667,8.33333333333333,10.0666666666667,8.4,4.66666666666667,20.1333333333333,3.66666666666667,16.8,9.4,9.06666666666667,11.7333333333333,12.0666666666667,1.0],[18.4666666666667,0,20.8,28.5333333333333,10.0666666666667,17.8,38.6,20.1333333333333,3.66666666666667,27.8666666666667,9.4,30.2,11.7333333333333,19.4666666666667],[8.33333333333333,20.8,0,13.0666666666667,12.7333333333333,13.0,17.8,4.66666666666667,19.1333333333333,17.7333333333333,17.4,9.4,9.06666666666667,9.33333333333333],[10.0666666666667,28.5333333333333,13.0666666666667,0,18.4666666666667,12.7333333333333,10.0666666666667,8.4,26.8666666666667,4.66666666666667,19.1333333333333,3.66666666666667,16.8,9.06666666666667],[8.4,10.0666666666667,12.7333333333333,18.4666666666667,0,13.0666666666667,28.5333333333333,10.0666666666667,8.4,17.8,4.66666666666667,20.1333333333333,3.66666666666667,9.4],[4.66666666666667,17.8,13.0,12.7333333333333,13.0666666666667,0,20.8,8.33333333333333,21.4666666666667,10.0666666666667,8.4,16.4,16.7333333333333,3.66666666666667],[20.1333333333333,38.6,17.8,10.0666666666667,28.5333333333333,20.8,0,18.4666666666667,36.9333333333333,12.7333333333333,29.2,8.4,26.8666666666667,19.1333333333333],[3.66666666666667,20.1333333333333,4.66666666666667,8.4,10.0666666666667,8.33333333333333,18.4666666666667,0,18.4666666666667,13.0666666666667,12.7333333333333,10.0666666666667,8.4,4.66666666666667],[16.8,3.66666666666667,19.1333333333333,26.8666666666667,8.4,21.4666666666667,36.9333333333333,18.4666666666667,0,26.2,13.0666666666667,28.5333333333333,10.0666666666667,17.8],[9.4,27.8666666666667,17.7333333333333,4.66666666666667,17.8,10.0666666666667,12.7333333333333,13.0666666666667,26.2,0,18.4666666666667,8.33333333333333,21.4666666666667,8.4],[9.06666666666667,9.4,17.4,19.1333333333333,4.66666666666667,8.4,29.2,12.7333333333333,13.0666666666667,18.4666666666667,0,20.8,8.33333333333333,10.0666666666667],[11.7333333333333,30.2,9.4,3.66666666666667,20.1333333333333,16.4,8.4,10.0666666666667,28.5333333333333,8.33333333333333,20.8,0,18.4666666666667,12.7333333333333],[12.0666666666667,11.7333333333333,9.06666666666667,16.8,3.66666666666667,16.7333333333333,26.8666666666667,8.4,10.0666666666667,21.4666666666667,8.33333333333333,18.4666666666667,0,13.0666666666667],[1.0,19.4666666666667,9.33333333333333,9.06666666666667,9.4,3.66666666666667,19.1333333333333,4.66666666666667,17.8,8.4,10.0666666666667,12.7333333333333,13.0666666666667,0]]
! V = [[0.656092380973289,1.8901674991081,0.864902876854891],[-17.6542000761069,1.0562199636517,0.29306225468883],[1.91446470923446,-6.98540011927227,2.7000188330877],[10.1219112503294,0.366542813131878,-1.98454827138644],[-7.97734686644978,-0.555297588868347,-1.26304024997836],[0.736505174265808,6.71216665966235,2.89566214948045],[19.9096745589644,-2.19502140280466,0.360399547433012],[1.61338083342673,-2.2101354931858,1.21309658164846],[-16.5332379580057,-2.79292726459331,-1.24991519159183],[9.67032472486177,5.68168432319208,-2.34223824016187],[-8.17758562836888,4.78536360682876,-0.271625274847644],[11.5230811915873,-3.36449796698984,-1.01027689570411],[-7.20550323618707,-5.23898327601265,-1.14744855079038],[1.4024389414752,2.85011824615201,0.941950431267302]]
! s = 0.0513320736986669
! dmax = 10.0
