! /home/ag/src/q/q-midi-test/scales/helmholtz_hd.scl
!
Helmholtz Harmonic Decad
9
!
9/8
6/5
5/4
4/3
3/2
8/5
5/3
9/5
2/1
!!! information added by scale program -- DO NOT EDIT !!!
! PV = barlow
! M = [[0,8.33333333333333,10.0666666666667,8.4,4.66666666666667,3.66666666666667,9.4,9.06666666666667,11.7333333333333,1.0],[8.33333333333333,0,13.0666666666667,12.7333333333333,13.0,4.66666666666667,17.7333333333333,17.4,9.4,9.33333333333333],[10.0666666666667,13.0666666666667,0,18.4666666666667,12.7333333333333,8.4,4.66666666666667,19.1333333333333,3.66666666666667,9.06666666666667],[8.4,12.7333333333333,18.4666666666667,0,13.0666666666667,10.0666666666667,17.8,4.66666666666667,20.1333333333333,9.4],[4.66666666666667,13.0,12.7333333333333,13.0666666666667,0,8.33333333333333,10.0666666666667,8.4,16.4,3.66666666666667],[3.66666666666667,4.66666666666667,8.4,10.0666666666667,8.33333333333333,0,13.0666666666667,12.7333333333333,10.0666666666667,4.66666666666667],[9.4,17.7333333333333,4.66666666666667,17.8,10.0666666666667,13.0666666666667,0,18.4666666666667,8.33333333333333,8.4],[9.06666666666667,17.4,19.1333333333333,4.66666666666667,8.4,12.7333333333333,18.4666666666667,0,20.8,10.0666666666667],[11.7333333333333,9.4,3.66666666666667,20.1333333333333,16.4,10.0666666666667,8.33333333333333,20.8,0,12.7333333333333],[1.0,9.33333333333333,9.06666666666667,9.4,3.66666666666667,4.66666666666667,8.4,10.0666666666667,12.7333333333333,0]]
! V = [[1.57617709646016,-0.276660056757304,0.537559735850515],[-1.20137637856472,8.29505184838862,1.56281114444058],[-8.16231040368349,-1.4555810353075,-1.10187492814972],[9.50133997618502,2.26481675015896,-3.01113178338377],[2.88061011502681,-4.33832420019685,3.48660278624656],[-0.0992519000035421,3.37920367545895,0.837070184036555],[-6.542265325942,-6.3882221785161,-1.05159245007127],[10.8148449711545,-2.49107090212921,-0.917690483335985],[-9.90362691112013,2.37028702783084,-1.27893478138439],[1.13585876048739,-1.35950092893041,0.937180575750923]]
! s = 0.0648057308228327
! dmax = 10.0
