! /home/ag/src/q/q-midi-test/scales/helmholtz_pure.scl
!
Helmholtz's two-keyboard harmonium tuning untempered
24
!
135/128
16/15
10/9
9/8
75/64
32/27
5/4
512/405
675/512
4/3
45/32
64/45
40/27
3/2
25/16
128/81
5/3
27/16
225/128
16/9
15/8
256/135
160/81
2/1
!!! information added by scale program -- DO NOT EDIT !!!
! PV = barlow
! M = [[0,21.4,13.0666666666667,12.7333333333333,8.33333333333333,21.4666666666667,13.0,8.4,26.0666666666667,29.8,4.66666666666667,16.7333333333333,17.7333333333333,17.4,3.66666666666667,16.8,17.6666666666667,9.06666666666667,12.0,25.1333333333333,9.33333333333333,12.0666666666667,22.4,22.0666666666667,1.0],[21.4,0,34.4666666666667,21.3333333333333,13.0666666666667,12.7333333333333,34.4,13.0,47.4666666666667,8.4,26.0666666666667,4.66666666666667,39.1333333333333,26.0,17.7333333333333,17.4,39.0666666666667,17.6666666666667,9.4,9.06666666666667,30.7333333333333,9.33333333333333,43.8,30.6666666666667,22.4],[13.0666666666667,34.4666666666667,0,18.4666666666667,21.4,34.5333333333333,12.7333333333333,21.4666666666667,13.0,42.8666666666667,8.4,29.8,4.66666666666667,19.1333333333333,16.7333333333333,29.8666666666667,17.4,16.8,25.0666666666667,38.2,9.06666666666667,25.1333333333333,9.33333333333333,21.8,12.0666666666667],[12.7333333333333,21.3333333333333,18.4666666666667,0,21.0666666666667,21.4,13.0666666666667,8.33333333333333,26.1333333333333,29.7333333333333,10.0666666666667,16.6666666666667,17.8,4.66666666666667,16.4,16.7333333333333,17.7333333333333,3.66666666666667,24.7333333333333,25.0666666666667,9.4,12.0,22.4666666666667,9.33333333333333,11.7333333333333],[8.33333333333333,13.0666666666667,21.4,21.0666666666667,0,18.4666666666667,21.3333333333333,12.7333333333333,34.4,21.4666666666667,13.0,8.4,26.0666666666667,25.7333333333333,4.66666666666667,19.1333333333333,26.0,17.4,3.66666666666667,16.8,17.6666666666667,9.06666666666667,30.7333333333333,30.4,9.33333333333333],[21.4666666666667,12.7333333333333,34.5333333333333,21.4,18.4666666666667,0,34.4666666666667,13.0666666666667,47.5333333333333,8.33333333333333,26.1333333333333,10.0666666666667,39.2,26.0666666666667,17.8,4.66666666666667,39.1333333333333,17.7333333333333,20.1333333333333,3.66666666666667,30.8,9.4,43.8666666666667,30.7333333333333,22.4666666666667],[13.0,34.4,12.7333333333333,13.0666666666667,21.3333333333333,34.4666666666667,0,21.4,13.0666666666667,42.8,8.33333333333333,29.7333333333333,10.0666666666667,8.4,16.6666666666667,29.8,4.66666666666667,16.7333333333333,25.0,38.1333333333333,3.66666666666667,25.0666666666667,9.4,9.06666666666667,12.0],[8.4,13.0,21.4666666666667,8.33333333333333,12.7333333333333,13.0666666666667,21.4,0,34.4666666666667,21.4,13.0666666666667,8.33333333333333,26.1333333333333,13.0,10.0666666666667,8.4,26.0666666666667,4.66666666666667,16.4,16.7333333333333,17.7333333333333,3.66666666666667,30.8,17.6666666666667,9.4],[26.0666666666667,47.4666666666667,13.0,26.1333333333333,34.4,47.5333333333333,13.0666666666667,34.4666666666667,0,55.8666666666667,21.4,42.8,8.33333333333333,21.4666666666667,29.7333333333333,42.8666666666667,8.4,29.8,38.0666666666667,51.2,16.7333333333333,38.1333333333333,3.66666666666667,16.8,25.0666666666667],[29.8,8.4,42.8666666666667,29.7333333333333,21.4666666666667,8.33333333333333,42.8,21.4,55.8666666666667,0,34.4666666666667,13.0666666666667,47.5333333333333,34.4,26.1333333333333,13.0,47.4666666666667,26.0666666666667,17.8,4.66666666666667,39.1333333333333,17.7333333333333,52.2,39.0666666666667,30.8],[4.66666666666667,26.0666666666667,8.4,10.0666666666667,13.0,26.1333333333333,8.33333333333333,13.0666666666667,21.4,34.4666666666667,0,21.4,13.0666666666667,12.7333333333333,8.33333333333333,21.4666666666667,13.0,8.4,16.6666666666667,29.8,4.66666666666667,16.7333333333333,17.7333333333333,17.4,3.66666666666667],[16.7333333333333,4.66666666666667,29.8,16.6666666666667,8.4,10.0666666666667,29.7333333333333,8.33333333333333,42.8,13.0666666666667,21.4,0,34.4666666666667,21.3333333333333,13.0666666666667,12.7333333333333,34.4,13.0,10.0666666666667,8.4,26.0666666666667,4.66666666666667,39.1333333333333,26.0,17.7333333333333],[17.7333333333333,39.1333333333333,4.66666666666667,17.8,26.0666666666667,39.2,10.0666666666667,26.1333333333333,8.33333333333333,47.5333333333333,13.0666666666667,34.4666666666667,0,18.4666666666667,21.4,34.5333333333333,12.7333333333333,21.4666666666667,29.7333333333333,42.8666666666667,8.4,29.8,4.66666666666667,19.1333333333333,16.7333333333333],[17.4,26.0,19.1333333333333,4.66666666666667,25.7333333333333,26.0666666666667,8.4,13.0,21.4666666666667,34.4,12.7333333333333,21.3333333333333,18.4666666666667,0,21.0666666666667,21.4,13.0666666666667,8.33333333333333,29.4,29.7333333333333,10.0666666666667,16.6666666666667,17.8,4.66666666666667,16.4],[3.66666666666667,17.7333333333333,16.7333333333333,16.4,4.66666666666667,17.8,16.6666666666667,10.0666666666667,29.7333333333333,26.1333333333333,8.33333333333333,13.0666666666667,21.4,21.0666666666667,0,18.4666666666667,21.3333333333333,12.7333333333333,8.33333333333333,21.4666666666667,13.0,8.4,26.0666666666667,25.7333333333333,4.66666666666667],[16.8,17.4,29.8666666666667,16.7333333333333,19.1333333333333,4.66666666666667,29.8,8.4,42.8666666666667,13.0,21.4666666666667,12.7333333333333,34.5333333333333,21.4,18.4666666666667,0,34.4666666666667,13.0666666666667,20.8,8.33333333333333,26.1333333333333,10.0666666666667,39.2,26.0666666666667,17.8],[17.6666666666667,39.0666666666667,17.4,17.7333333333333,26.0,39.1333333333333,4.66666666666667,26.0666666666667,8.4,47.4666666666667,13.0,34.4,12.7333333333333,13.0666666666667,21.3333333333333,34.4666666666667,0,21.4,29.6666666666667,42.8,8.33333333333333,29.7333333333333,10.0666666666667,8.4,16.6666666666667],[9.06666666666667,17.6666666666667,16.8,3.66666666666667,17.4,17.7333333333333,16.7333333333333,4.66666666666667,29.8,26.0666666666667,8.4,13.0,21.4666666666667,8.33333333333333,12.7333333333333,13.0666666666667,21.4,0,21.0666666666667,21.4,13.0666666666667,8.33333333333333,26.1333333333333,13.0,10.0666666666667],[12.0,9.4,25.0666666666667,24.7333333333333,3.66666666666667,20.1333333333333,25.0,16.4,38.0666666666667,17.8,16.6666666666667,10.0666666666667,29.7333333333333,29.4,8.33333333333333,20.8,29.6666666666667,21.0666666666667,0,18.4666666666667,21.3333333333333,12.7333333333333,34.4,34.0666666666667,13.0],[25.1333333333333,9.06666666666667,38.2,25.0666666666667,16.8,3.66666666666667,38.1333333333333,16.7333333333333,51.2,4.66666666666667,29.8,8.4,42.8666666666667,29.7333333333333,21.4666666666667,8.33333333333333,42.8,21.4,18.4666666666667,0,34.4666666666667,13.0666666666667,47.5333333333333,34.4,26.1333333333333],[9.33333333333333,30.7333333333333,9.06666666666667,9.4,17.6666666666667,30.8,3.66666666666667,17.7333333333333,16.7333333333333,39.1333333333333,4.66666666666667,26.0666666666667,8.4,10.0666666666667,13.0,26.1333333333333,8.33333333333333,13.0666666666667,21.3333333333333,34.4666666666667,0,21.4,13.0666666666667,12.7333333333333,8.33333333333333],[12.0666666666667,9.33333333333333,25.1333333333333,12.0,9.06666666666667,9.4,25.0666666666667,3.66666666666667,38.1333333333333,17.7333333333333,16.7333333333333,4.66666666666667,29.8,16.6666666666667,8.4,10.0666666666667,29.7333333333333,8.33333333333333,12.7333333333333,13.0666666666667,21.4,0,34.4666666666667,21.3333333333333,13.0666666666667],[22.4,43.8,9.33333333333333,22.4666666666667,30.7333333333333,43.8666666666667,9.4,30.8,3.66666666666667,52.2,17.7333333333333,39.1333333333333,4.66666666666667,17.8,26.0666666666667,39.2,10.0666666666667,26.1333333333333,34.4,47.5333333333333,13.0666666666667,34.4666666666667,0,18.4666666666667,21.4],[22.0666666666667,30.6666666666667,21.8,9.33333333333333,30.4,30.7333333333333,9.06666666666667,17.6666666666667,16.8,39.0666666666667,17.4,26.0,19.1333333333333,4.66666666666667,25.7333333333333,26.0666666666667,8.4,13.0,34.0666666666667,34.4,12.7333333333333,21.3333333333333,18.4666666666667,0,21.0666666666667],[1.0,22.4,12.0666666666667,11.7333333333333,9.33333333333333,22.4666666666667,12.0,9.4,25.0666666666667,30.8,3.66666666666667,17.7333333333333,16.7333333333333,16.4,4.66666666666667,17.8,16.6666666666667,10.0666666666667,13.0,26.1333333333333,8.33333333333333,13.0666666666667,21.4,21.0666666666667,0]]
! V = [[-0.917356872473742,4.73054212966683,-0.836663092450997],[18.6823586008924,2.21032511984646,5.22883182757963],[-13.5745384268241,6.48006132376006,-5.37480459329323],[-2.20695104082952,-7.17698654912383,-0.187669816110121],[7.12973448954546,8.85773349381887,1.55359714611336],[19.0672186289392,-4.24564284161419,-3.91806792306343],[-13.8215262536283,-1.3210471077202,2.49276769085743],[6.21093441031485,-3.0017716104581,-0.642792487999926],[-26.9213726591965,0.198841964461779,0.0939067093202948],[27.4024034862302,-0.779410842312371,0.0617525717139607],[-5.82447754161909,2.96156236979031,-0.552143294907911],[14.3661242577498,0.690498844594992,2.78294880889117],[-18.6664036146086,3.9522509227139,-3.72218618436913],[-6.70622316103047,-9.52078627946808,1.19585383038708],[2.63102688773631,6.78605991253004,0.0699671512013282],[13.9381442942366,-6.15410435267684,-5.90205124984905],[-18.0889953820104,-2.88646278569618,5.0153784581123],[1.35213794661586,-5.02135311797039,-0.952019957220977],[10.0631713330401,11.125164286777,3.14181913243582],[22.7869269870312,-2.17070496809124,-1.71021723725976],[-10.4705322203901,0.895490531727426,0.660976946801133],[9.85898494044454,-1.13060238254083,0.779939903392674],[-23.3933628965472,1.76693864823614,-1.68260863986117],[-10.8669568921626,-11.8228318177201,3.09848847704976],[-2.03046930145579,4.57623510746854,-0.695004177470252]]
! s = 0.0583265584642962
! dmax = 10.0
