! /home/ag/src/q/q-midi-test/scales/indian.scl
!
Indian shruti scale
22
!
256/243
16/15
10/9
9/8
32/27
6/5
5/4
81/64
4/3
27/20
45/32
729/512
3/2
128/81
8/5
5/3
27/16
16/9
9/5
15/8
243/128
2/1
!!! information added by scale program -- DO NOT EDIT !!!
! PV = barlow
! M = [[0,21.3333333333333,13.0666666666667,12.7333333333333,8.33333333333333,13.0,10.0666666666667,8.4,16.6666666666667,4.66666666666667,16.4,16.7333333333333,25.0,3.66666666666667,17.6666666666667,9.4,9.06666666666667,12.0,9.33333333333333,11.7333333333333,12.0666666666667,20.3333333333333,1.0],[21.3333333333333,0,21.0666666666667,21.4,29.6666666666667,8.33333333333333,29.4,29.7333333333333,38.0,16.6666666666667,37.7333333333333,38.0666666666667,46.3333333333333,25.0,3.66666666666667,24.7333333333333,25.0666666666667,33.3333333333333,12.0,33.0666666666667,33.4,41.6666666666667,20.3333333333333],[13.0666666666667,21.0666666666667,0,18.4666666666667,21.4,12.7333333333333,8.33333333333333,21.4666666666667,29.7333333333333,8.4,16.6666666666667,29.8,38.0666666666667,16.7333333333333,17.4,3.66666666666667,16.8,25.0666666666667,9.06666666666667,12.0,25.1333333333333,33.4,12.0666666666667],[12.7333333333333,21.4,18.4666666666667,0,21.0666666666667,13.0666666666667,20.8,8.33333333333333,29.4,10.0666666666667,29.1333333333333,16.6666666666667,37.7333333333333,16.4,17.7333333333333,20.1333333333333,3.66666666666667,24.7333333333333,9.4,24.4666666666667,12.0,33.0666666666667,11.7333333333333],[8.33333333333333,29.6666666666667,21.4,21.0666666666667,0,21.3333333333333,13.0666666666667,12.7333333333333,8.33333333333333,13.0,10.0666666666667,8.4,16.6666666666667,4.66666666666667,26.0,17.7333333333333,17.4,3.66666666666667,17.6666666666667,9.4,9.06666666666667,12.0,9.33333333333333],[13.0,8.33333333333333,12.7333333333333,13.0666666666667,21.3333333333333,0,21.0666666666667,21.4,29.6666666666667,8.33333333333333,29.4,29.7333333333333,38.0,16.6666666666667,4.66666666666667,16.4,16.7333333333333,25.0,3.66666666666667,24.7333333333333,25.0666666666667,33.3333333333333,12.0],[10.0666666666667,29.4,8.33333333333333,20.8,13.0666666666667,21.0666666666667,0,18.4666666666667,21.4,12.7333333333333,8.33333333333333,21.4666666666667,29.7333333333333,8.4,25.7333333333333,4.66666666666667,19.1333333333333,16.7333333333333,17.4,3.66666666666667,16.8,25.0666666666667,9.06666666666667],[8.4,29.7333333333333,21.4666666666667,8.33333333333333,12.7333333333333,21.4,18.4666666666667,0,21.0666666666667,13.0666666666667,20.8,8.33333333333333,29.4,10.0666666666667,26.0666666666667,17.8,4.66666666666667,16.4,17.7333333333333,20.1333333333333,3.66666666666667,24.7333333333333,9.4],[16.6666666666667,38.0,29.7333333333333,29.4,8.33333333333333,29.6666666666667,21.4,21.0666666666667,0,21.3333333333333,13.0666666666667,12.7333333333333,8.33333333333333,13.0,34.3333333333333,26.0666666666667,25.7333333333333,4.66666666666667,26.0,17.7333333333333,17.4,3.66666666666667,17.6666666666667],[4.66666666666667,16.6666666666667,8.4,10.0666666666667,13.0,8.33333333333333,12.7333333333333,13.0666666666667,21.3333333333333,0,21.0666666666667,21.4,29.6666666666667,8.33333333333333,13.0,10.0666666666667,8.4,16.6666666666667,4.66666666666667,16.4,16.7333333333333,25.0,3.66666666666667],[16.4,37.7333333333333,16.6666666666667,29.1333333333333,10.0666666666667,29.4,8.33333333333333,20.8,13.0666666666667,21.0666666666667,0,18.4666666666667,21.4,12.7333333333333,34.0666666666667,13.0,25.4666666666667,8.4,25.7333333333333,4.66666666666667,19.1333333333333,16.7333333333333,17.4],[16.7333333333333,38.0666666666667,29.8,16.6666666666667,8.4,29.7333333333333,21.4666666666667,8.33333333333333,12.7333333333333,21.4,18.4666666666667,0,21.0666666666667,13.0666666666667,34.4,26.1333333333333,13.0,10.0666666666667,26.0666666666667,17.8,4.66666666666667,16.4,17.7333333333333],[25.0,46.3333333333333,38.0666666666667,37.7333333333333,16.6666666666667,38.0,29.7333333333333,29.4,8.33333333333333,29.6666666666667,21.4,21.0666666666667,0,21.3333333333333,42.6666666666667,34.4,34.0666666666667,13.0,34.3333333333333,26.0666666666667,25.7333333333333,4.66666666666667,26.0],[3.66666666666667,25.0,16.7333333333333,16.4,4.66666666666667,16.6666666666667,8.4,10.0666666666667,13.0,8.33333333333333,12.7333333333333,13.0666666666667,21.3333333333333,0,21.3333333333333,13.0666666666667,12.7333333333333,8.33333333333333,13.0,10.0666666666667,8.4,16.6666666666667,4.66666666666667],[17.6666666666667,3.66666666666667,17.4,17.7333333333333,26.0,4.66666666666667,25.7333333333333,26.0666666666667,34.3333333333333,13.0,34.0666666666667,34.4,42.6666666666667,21.3333333333333,0,21.0666666666667,21.4,29.6666666666667,8.33333333333333,29.4,29.7333333333333,38.0,16.6666666666667],[9.4,24.7333333333333,3.66666666666667,20.1333333333333,17.7333333333333,16.4,4.66666666666667,17.8,26.0666666666667,10.0666666666667,13.0,26.1333333333333,34.4,13.0666666666667,21.0666666666667,0,18.4666666666667,21.4,12.7333333333333,8.33333333333333,21.4666666666667,29.7333333333333,8.4],[9.06666666666667,25.0666666666667,16.8,3.66666666666667,17.4,16.7333333333333,19.1333333333333,4.66666666666667,25.7333333333333,8.4,25.4666666666667,13.0,34.0666666666667,12.7333333333333,21.4,18.4666666666667,0,21.0666666666667,13.0666666666667,20.8,8.33333333333333,29.4,10.0666666666667],[12.0,33.3333333333333,25.0666666666667,24.7333333333333,3.66666666666667,25.0,16.7333333333333,16.4,4.66666666666667,16.6666666666667,8.4,10.0666666666667,13.0,8.33333333333333,29.6666666666667,21.4,21.0666666666667,0,21.3333333333333,13.0666666666667,12.7333333333333,8.33333333333333,13.0],[9.33333333333333,12.0,9.06666666666667,9.4,17.6666666666667,3.66666666666667,17.4,17.7333333333333,26.0,4.66666666666667,25.7333333333333,26.0666666666667,34.3333333333333,13.0,8.33333333333333,12.7333333333333,13.0666666666667,21.3333333333333,0,21.0666666666667,21.4,29.6666666666667,8.33333333333333],[11.7333333333333,33.0666666666667,12.0,24.4666666666667,9.4,24.7333333333333,3.66666666666667,20.1333333333333,17.7333333333333,16.4,4.66666666666667,17.8,26.0666666666667,10.0666666666667,29.4,8.33333333333333,20.8,13.0666666666667,21.0666666666667,0,18.4666666666667,21.4,12.7333333333333],[12.0666666666667,33.4,25.1333333333333,12.0,9.06666666666667,25.0666666666667,16.8,3.66666666666667,17.4,16.7333333333333,19.1333333333333,4.66666666666667,25.7333333333333,8.4,29.7333333333333,21.4666666666667,8.33333333333333,12.7333333333333,21.4,18.4666666666667,0,21.0666666666667,13.0666666666667],[20.3333333333333,41.6666666666667,33.4,33.0666666666667,12.0,33.3333333333333,25.0666666666667,24.7333333333333,3.66666666666667,25.0,16.7333333333333,16.4,4.66666666666667,16.6666666666667,38.0,29.7333333333333,29.4,8.33333333333333,29.6666666666667,21.4,21.0666666666667,0,21.3333333333333],[1.0,20.3333333333333,12.0666666666667,11.7333333333333,9.33333333333333,12.0,9.06666666666667,9.4,17.6666666666667,3.66666666666667,17.4,17.7333333333333,26.0,4.66666666666667,16.6666666666667,8.4,10.0666666666667,13.0,8.33333333333333,12.7333333333333,13.0666666666667,21.3333333333333,0]]
! V = [[-1.71206686575735,0.243799375217955,0.144523375760628],[-22.2855508538669,0.0789302325811358,-9.56432434784309],[-9.98380479770972,-8.96967147837096,4.35178086640323],[-9.33138941461431,9.7724085902436,4.10238119848481],[7.27548025035496,0.247552506022683,-0.678248040511461],[-14.6655791490029,0.0455908826605392,-4.8743993859908],[0.125755908293851,-8.66653047894211,5.91090831094913],[0.480373940164311,8.97483120225472,5.69612609924338],[15.2525483212439,-0.0295610177527388,-5.07539920469288],[-6.66471303767988,0.0283707252595296,-0.669395008648502],[10.1263413806318,-9.59177140493011,4.11970902730904],[10.6498509679971,9.22817633079641,4.30145191270737],[22.8409359257573,-0.0649238896872533,-9.80575794738783],[2.31237854006055,-0.0195099224792808,0.0114526339717242],[-18.9287484691566,0.0661259460776651,-7.60948932321203],[-5.44464184137967,-9.11252841881504,5.22993608142566],[-5.15050542834627,8.82271877679829,5.42311756735582],[10.9027616435781,-0.378480735242288,-2.32684110790942],[-11.3133786678076,0.0207999633254454,-2.47409479028714],[4.60898403581474,-9.22220257017005,5.44991354597385],[5.07510045154292,8.79841703646749,5.52842249132103],[18.5878012223809,-0.0458604595254894,-7.26581113484643],[-2.75793406249914,-0.226681191790143,0.0740371804238851]]
! s = 0.0571860800772896
! dmax = 10.0
