! mean4rat.scl
!
1/4 comma meantone scale, Clarence Barlow, rationalized
12
!
25/24
10/9
6/5
5/4
4/3
25/18
3/2
25/16
5/3
16/9
15/8
2/1
!!! information added by scale program -- DO NOT EDIT !!!
! PV = barlow
! M = [[0,18.4666666666667,12.7333333333333,10.0666666666667,8.4,4.66666666666667,19.1333333333333,3.66666666666667,16.8,9.06666666666667,9.33333333333333,12.0666666666667,1.0],[18.4666666666667,0,13.0666666666667,28.5333333333333,10.0666666666667,17.8,4.66666666666667,20.1333333333333,3.66666666666667,9.4,22.4666666666667,11.7333333333333,19.4666666666667],[12.7333333333333,13.0666666666667,0,20.8,8.33333333333333,10.0666666666667,8.4,16.4,16.7333333333333,3.66666666666667,9.4,12.0,11.7333333333333],[10.0666666666667,28.5333333333333,20.8,0,18.4666666666667,12.7333333333333,29.2,8.4,26.8666666666667,19.1333333333333,17.4,16.8,9.06666666666667],[8.4,10.0666666666667,8.33333333333333,18.4666666666667,0,13.0666666666667,12.7333333333333,10.0666666666667,8.4,4.66666666666667,17.7333333333333,3.66666666666667,9.4],[4.66666666666667,17.8,10.0666666666667,12.7333333333333,13.0666666666667,0,18.4666666666667,8.33333333333333,21.4666666666667,8.4,4.66666666666667,16.7333333333333,3.66666666666667],[19.1333333333333,4.66666666666667,8.4,29.2,12.7333333333333,18.4666666666667,0,20.8,8.33333333333333,10.0666666666667,17.8,16.4,20.1333333333333],[3.66666666666667,20.1333333333333,16.4,8.4,10.0666666666667,8.33333333333333,20.8,0,18.4666666666667,12.7333333333333,13.0,8.4,4.66666666666667],[16.8,3.66666666666667,16.7333333333333,26.8666666666667,8.4,21.4666666666667,8.33333333333333,18.4666666666667,0,13.0666666666667,26.1333333333333,10.0666666666667,17.8],[9.06666666666667,9.4,3.66666666666667,19.1333333333333,4.66666666666667,8.4,10.0666666666667,12.7333333333333,13.0666666666667,0,13.0666666666667,8.33333333333333,10.0666666666667],[9.33333333333333,22.4666666666667,9.4,17.4,17.7333333333333,4.66666666666667,17.8,13.0,26.1333333333333,13.0666666666667,0,21.4,8.33333333333333],[12.0666666666667,11.7333333333333,12.0,16.8,3.66666666666667,16.7333333333333,16.4,8.4,10.0666666666667,8.33333333333333,21.4,0,13.0666666666667],[1.0,19.4666666666667,11.7333333333333,9.06666666666667,9.4,3.66666666666667,20.1333333333333,4.66666666666667,17.8,10.0666666666667,8.33333333333333,13.0666666666667,0]]
! V = [[-5.80174446727799,-0.650856008186033,1.29555581374568],[12.4100733814699,-0.571214615519078,1.03632671235866],[2.75449067138541,6.14199110616469,-2.77807363586779],[-14.772891812871,-5.46633225004647,-0.664801263109394],[3.07173658427979,-3.29578284708286,-1.04295269942523],[-6.36083122544838,4.37840022122593,0.950834704395092],[11.9228791598078,4.82734775458665,0.648270797216145],[-6.71892253427872,-4.59278582772507,1.09137418691459],[11.9146951911425,-5.01738698302375,1.9007244026518],[2.68699002723034,1.91792519957324,-1.79114429284755],[-7.20505428484463,9.50257939600737,0.628393638916874],[2.76973281084891,-7.36833251478836,-2.16785604094752],[-6.67115350144392,0.194447368813748,0.893347675998651]]
! s = 0.0652639346259662
! dmax = 10.0
