! b12tone.scl
!
Just twelve-tone scale, rendered using Barlow metric
12
!
16/15
9/8
6/5
5/4
4/3
45/32
3/2
8/5
5/3
16/9
15/8
2/1
!!! information added by scale program -- DO NOT EDIT !!!
! PV = barlow
! M = [[0,13.0666666666667,8.33333333333333,10.0666666666667,8.4,4.66666666666667,16.7333333333333,3.66666666666667,9.4,9.06666666666667,9.33333333333333,12.0666666666667,1.0],[13.0666666666667,0,21.4,8.33333333333333,21.4666666666667,8.4,29.8,16.7333333333333,3.66666666666667,16.8,9.06666666666667,25.1333333333333,12.0666666666667],[8.33333333333333,21.4,0,13.0666666666667,12.7333333333333,13.0,8.4,4.66666666666667,17.7333333333333,17.4,17.6666666666667,9.06666666666667,9.33333333333333],[10.0666666666667,8.33333333333333,13.0666666666667,0,18.4666666666667,12.7333333333333,21.4666666666667,8.4,4.66666666666667,19.1333333333333,17.4,16.8,9.06666666666667],[8.4,21.4666666666667,12.7333333333333,18.4666666666667,0,13.0666666666667,8.33333333333333,10.0666666666667,17.8,4.66666666666667,17.7333333333333,3.66666666666667,9.4],[4.66666666666667,8.4,13.0,12.7333333333333,13.0666666666667,0,21.4,8.33333333333333,10.0666666666667,8.4,4.66666666666667,16.7333333333333,3.66666666666667],[16.7333333333333,29.8,8.4,21.4666666666667,8.33333333333333,21.4,0,13.0666666666667,26.1333333333333,13.0,26.0666666666667,4.66666666666667,17.7333333333333],[3.66666666666667,16.7333333333333,4.66666666666667,8.4,10.0666666666667,8.33333333333333,13.0666666666667,0,13.0666666666667,12.7333333333333,13.0,8.4,4.66666666666667],[9.4,3.66666666666667,17.7333333333333,4.66666666666667,17.8,10.0666666666667,26.1333333333333,13.0666666666667,0,18.4666666666667,12.7333333333333,21.4666666666667,8.4],[9.06666666666667,16.8,17.4,19.1333333333333,4.66666666666667,8.4,13.0,12.7333333333333,18.4666666666667,0,13.0666666666667,8.33333333333333,10.0666666666667],[9.33333333333333,9.06666666666667,17.6666666666667,17.4,17.7333333333333,4.66666666666667,26.0666666666667,13.0,12.7333333333333,13.0666666666667,0,21.4,8.33333333333333],[12.0666666666667,25.1333333333333,9.06666666666667,16.8,3.66666666666667,16.7333333333333,4.66666666666667,8.4,21.4666666666667,8.33333333333333,21.4,0,13.0666666666667],[1.0,12.0666666666667,9.33333333333333,9.06666666666667,9.4,3.66666666666667,17.7333333333333,4.66666666666667,8.4,10.0666666666667,8.33333333333333,13.0666666666667,0]]
! V = [[-0.846648785615461,0.247241122291942,-0.977547132419609],[-13.1999371321518,0.0717101699223801,1.77949673181685],[5.73313173561027,-5.67978294276321,-4.03599163360125],[-6.05134321240455,-7.58811551749317,2.17490902770979],[7.60314537018999,3.4048760093978,2.48440657474456],[-4.54953966863966,3.60003965041897,-1.38701793532545],[15.0484893236384,-1.87574957275998,0.00087448447800198],[1.79207063059303,-3.03782285220853,-1.77536366198011],[-10.0813288705988,-3.47354117012154,2.39449029989666],[3.97903826455662,7.47633655277418,2.56220958686966],[-8.00399179838361,6.57363182260314,-3.92645842868784],[10.5703683208611,0.0295899689486001,1.65992113929693],[-1.99345417765545,0.251586758989411,-0.953929052798192]]
! s = 0.0749648467466349
! dmax = 8.69565217391304
