! b17tone.scl
!
Rationalized equidistant 17-tone scale
17
!
25/24
27/25
9/8
32/27
11/9
32/25
4/3
25/18
36/25
3/2
25/16
18/11
27/16
16/9
50/27
48/25
2/1
!!! information added by scale program -- DO NOT EDIT !!!
! PV = barlow
! M = [[0,18.4666666666667,20.8,8.33333333333333,13.0,23.5151515151515,17.8,4.66666666666667,19.1333333333333,20.1333333333333,3.66666666666667,16.8,24.5151515151515,12.0,9.33333333333333,21.8,19.4666666666667,1.0],[18.4666666666667,0,39.2666666666667,20.8,26.1333333333333,36.6484848484848,36.2666666666667,17.8,4.66666666666667,38.6,20.1333333333333,3.66666666666667,42.9818181818182,24.4666666666667,22.4666666666667,9.33333333333333,37.9333333333333,19.4666666666667],[20.8,39.2666666666667,0,18.4666666666667,33.8,44.3151515151515,13.0,25.4666666666667,39.9333333333333,4.66666666666667,19.1333333333333,37.6,34.6484848484849,16.8,30.1333333333333,42.6,9.33333333333333,21.8],[8.33333333333333,20.8,18.4666666666667,0,21.3333333333333,31.8484848484849,26.1333333333333,13.0,25.4666666666667,17.8,4.66666666666667,19.1333333333333,22.1818181818182,3.66666666666667,17.6666666666667,30.1333333333333,22.4666666666667,9.33333333333333],[13.0,26.1333333333333,33.8,21.3333333333333,0,25.8484848484849,20.8,8.33333333333333,21.4666666666667,29.1333333333333,16.6666666666667,29.8,35.5151515151515,25.0,3.66666666666667,16.8,24.4666666666667,12.0],[23.5151515151515,36.6484848484848,44.3151515151515,31.8484848484849,25.8484848484849,0,41.3151515151515,22.8484848484849,31.9818181818182,43.6484848484848,27.1818181818182,40.3151515151515,48.030303030303,35.5151515151515,22.1818181818182,34.6484848484849,42.9818181818182,24.5151515151515],[17.8,36.2666666666667,13.0,26.1333333333333,20.8,41.3151515151515,0,18.4666666666667,36.9333333333333,8.33333333333333,21.4666666666667,34.6,40.3151515151515,29.8,19.1333333333333,37.6,3.66666666666667,16.8],[4.66666666666667,17.8,25.4666666666667,13.0,8.33333333333333,22.8484848484849,18.4666666666667,0,18.4666666666667,20.8,8.33333333333333,21.4666666666667,27.1818181818182,16.6666666666667,4.66666666666667,19.1333333333333,20.1333333333333,3.66666666666667],[19.1333333333333,4.66666666666667,39.9333333333333,25.4666666666667,21.4666666666667,31.9818181818182,36.9333333333333,18.4666666666667,0,39.2666666666667,20.8,8.33333333333333,43.6484848484848,29.1333333333333,17.8,4.66666666666667,38.6,20.1333333333333],[20.1333333333333,38.6,4.66666666666667,17.8,29.1333333333333,43.6484848484848,8.33333333333333,20.8,39.2666666666667,0,18.4666666666667,36.9333333333333,31.9818181818182,21.4666666666667,25.4666666666667,39.9333333333333,4.66666666666667,19.1333333333333],[3.66666666666667,20.1333333333333,19.1333333333333,4.66666666666667,16.6666666666667,27.1818181818182,21.4666666666667,8.33333333333333,20.8,18.4666666666667,0,18.4666666666667,22.8484848484849,8.33333333333333,13.0,25.4666666666667,17.8,4.66666666666667],[16.8,3.66666666666667,37.6,19.1333333333333,29.8,40.3151515151515,34.6,21.4666666666667,8.33333333333333,36.9333333333333,18.4666666666667,0,41.3151515151515,20.8,26.1333333333333,13.0,36.2666666666667,17.8],[24.5151515151515,42.9818181818182,34.6484848484849,22.1818181818182,35.5151515151515,48.030303030303,40.3151515151515,27.1818181818182,43.6484848484848,31.9818181818182,22.8484848484849,41.3151515151515,0,25.8484848484849,31.8484848484849,44.3151515151515,36.6484848484848,23.5151515151515],[12.0,24.4666666666667,16.8,3.66666666666667,25.0,35.5151515151515,29.8,16.6666666666667,29.1333333333333,21.4666666666667,8.33333333333333,20.8,25.8484848484849,0,21.3333333333333,33.8,26.1333333333333,13.0],[9.33333333333333,22.4666666666667,30.1333333333333,17.6666666666667,3.66666666666667,22.1818181818182,19.1333333333333,4.66666666666667,17.8,25.4666666666667,13.0,26.1333333333333,31.8484848484849,21.3333333333333,0,18.4666666666667,20.8,8.33333333333333],[21.8,9.33333333333333,42.6,30.1333333333333,16.8,34.6484848484849,37.6,19.1333333333333,4.66666666666667,39.9333333333333,25.4666666666667,13.0,44.3151515151515,33.8,18.4666666666667,0,39.2666666666667,20.8],[19.4666666666667,37.9333333333333,9.33333333333333,22.4666666666667,24.4666666666667,42.9818181818182,3.66666666666667,20.1333333333333,38.6,4.66666666666667,17.8,36.2666666666667,36.6484848484848,26.1333333333333,20.8,39.2666666666667,0,18.4666666666667],[1.0,19.4666666666667,21.8,9.33333333333333,12.0,24.5151515151515,16.8,3.66666666666667,20.1333333333333,19.1333333333333,4.66666666666667,17.8,23.5151515151515,13.0,8.33333333333333,20.8,18.4666666666667,0]]
! V = [[-0.172238225895692,-0.498270983501934,-1.40148392879733],[-16.9741717688598,-7.47925934990761,6.65530561621219],[20.8124465250607,-1.73941559292272,6.64422174726307],[3.8489653237107,-7.98729914488871,-1.95302055569361],[-5.34257408522056,11.8629201901278,-0.730737786489125],[-12.5818042193354,15.3847380709111,-20.5571824035634],[14.198715395246,10.765247078189,7.94527508079072],[-2.10276323109372,3.37351791053239,-1.72939610013658],[-19.1406665019523,-2.66926601115775,5.12702331352411],[19.1406665270302,2.66926368434477,5.12702446234163],[2.10276324807851,-3.3735172388649,-1.72939751754791],[-14.198715338129,-10.7652505188812,7.94527056261117],[12.5818041101864,-15.3847285772024,-20.5571895646271],[5.34257410853764,-11.862919970651,-0.730742830567384],[-3.84896530388086,7.98729989694101,-1.95301717735128],[-20.8124466382306,1.7394125822868,6.64422212716943],[16.9741718292408,7.47925644539803,6.65530870336321],[0.172238245506938,0.498271529247284,-1.40148374850184]]
! s = 0.0727067238095273
! dmax = 25.0
