! /home/ag/src/q/q-midi-test/scales/helmholtz_24.scl
!
Simplified Helmholtz 24
24
!
135/128
16/15
10/9
9/8
75/64
32/27
5/4
81/64
675/512
4/3
45/32
729/512
6075/4096
3/2
25/16
405/256
5/3
27/16
225/128
3645/2048
15/8
243/128
2025/1024
2/1
!!! information added by scale program -- DO NOT EDIT !!!
! PV = barlow
! M = [[0,21.4,13.0666666666667,12.7333333333333,8.33333333333333,21.4666666666667,13.0,8.4,16.6666666666667,29.8,4.66666666666667,16.7333333333333,25.0,38.1333333333333,3.66666666666667,16.8,25.0666666666667,9.06666666666667,12.0,25.1333333333333,33.4,12.0666666666667,20.3333333333333,33.4666666666667,1.0],[21.4,0,34.4666666666667,21.3333333333333,13.0666666666667,12.7333333333333,34.4,13.0,10.0666666666667,8.4,26.0666666666667,4.66666666666667,16.4,16.7333333333333,17.7333333333333,17.4,3.66666666666667,17.6666666666667,9.4,9.06666666666667,12.0,9.33333333333333,11.7333333333333,12.0666666666667,22.4],[13.0666666666667,34.4666666666667,0,18.4666666666667,21.4,34.5333333333333,12.7333333333333,21.4666666666667,29.7333333333333,42.8666666666667,8.4,29.8,38.0666666666667,51.2,16.7333333333333,29.8666666666667,38.1333333333333,16.8,25.0666666666667,38.2,46.4666666666667,25.1333333333333,33.4,46.5333333333333,12.0666666666667],[12.7333333333333,21.3333333333333,18.4666666666667,0,21.0666666666667,21.4,13.0666666666667,8.33333333333333,29.4,29.7333333333333,10.0666666666667,16.6666666666667,37.7333333333333,38.0666666666667,16.4,16.7333333333333,25.0,3.66666666666667,24.7333333333333,25.0666666666667,33.3333333333333,12.0,33.0666666666667,33.4,11.7333333333333],[8.33333333333333,13.0666666666667,21.4,21.0666666666667,0,18.4666666666667,21.3333333333333,12.7333333333333,8.33333333333333,21.4666666666667,13.0,8.4,16.6666666666667,29.8,4.66666666666667,19.1333333333333,16.7333333333333,17.4,3.66666666666667,16.8,25.0666666666667,9.06666666666667,12.0,25.1333333333333,9.33333333333333],[21.4666666666667,12.7333333333333,34.5333333333333,21.4,18.4666666666667,0,34.4666666666667,13.0666666666667,20.8,8.33333333333333,26.1333333333333,10.0666666666667,29.1333333333333,16.6666666666667,17.8,4.66666666666667,16.4,17.7333333333333,20.1333333333333,3.66666666666667,24.7333333333333,9.4,24.4666666666667,12.0,22.4666666666667],[13.0,34.4,12.7333333333333,13.0666666666667,21.3333333333333,34.4666666666667,0,21.4,29.6666666666667,42.8,8.33333333333333,29.7333333333333,38.0,51.1333333333333,16.6666666666667,29.8,38.0666666666667,16.7333333333333,25.0,38.1333333333333,46.4,25.0666666666667,33.3333333333333,46.4666666666667,12.0],[8.4,13.0,21.4666666666667,8.33333333333333,12.7333333333333,13.0666666666667,21.4,0,21.0666666666667,21.4,13.0666666666667,8.33333333333333,29.4,29.7333333333333,10.0666666666667,8.4,16.6666666666667,4.66666666666667,16.4,16.7333333333333,25.0,3.66666666666667,24.7333333333333,25.0666666666667,9.4],[16.6666666666667,10.0666666666667,29.7333333333333,29.4,8.33333333333333,20.8,29.6666666666667,21.0666666666667,0,18.4666666666667,21.3333333333333,12.7333333333333,8.33333333333333,21.4666666666667,13.0,25.4666666666667,8.4,25.7333333333333,4.66666666666667,19.1333333333333,16.7333333333333,17.4,3.66666666666667,16.8,17.6666666666667],[29.8,8.4,42.8666666666667,29.7333333333333,21.4666666666667,8.33333333333333,42.8,21.4,18.4666666666667,0,34.4666666666667,13.0666666666667,20.8,8.33333333333333,26.1333333333333,13.0,10.0666666666667,26.0666666666667,17.8,4.66666666666667,16.4,17.7333333333333,20.1333333333333,3.66666666666667,30.8],[4.66666666666667,26.0666666666667,8.4,10.0666666666667,13.0,26.1333333333333,8.33333333333333,13.0666666666667,21.3333333333333,34.4666666666667,0,21.4,29.6666666666667,42.8,8.33333333333333,21.4666666666667,29.7333333333333,8.4,16.6666666666667,29.8,38.0666666666667,16.7333333333333,25.0,38.1333333333333,3.66666666666667],[16.7333333333333,4.66666666666667,29.8,16.6666666666667,8.4,10.0666666666667,29.7333333333333,8.33333333333333,12.7333333333333,13.0666666666667,21.4,0,21.0666666666667,21.4,13.0666666666667,12.7333333333333,8.33333333333333,13.0,10.0666666666667,8.4,16.6666666666667,4.66666666666667,16.4,16.7333333333333,17.7333333333333],[25.0,16.4,38.0666666666667,37.7333333333333,16.6666666666667,29.1333333333333,38.0,29.4,8.33333333333333,20.8,29.6666666666667,21.0666666666667,0,18.4666666666667,21.3333333333333,33.8,12.7333333333333,34.0666666666667,13.0,25.4666666666667,8.4,25.7333333333333,4.66666666666667,19.1333333333333,26.0],[38.1333333333333,16.7333333333333,51.2,38.0666666666667,29.8,16.6666666666667,51.1333333333333,29.7333333333333,21.4666666666667,8.33333333333333,42.8,21.4,18.4666666666667,0,34.4666666666667,21.3333333333333,13.0666666666667,34.4,26.1333333333333,13.0,10.0666666666667,26.0666666666667,17.8,4.66666666666667,39.1333333333333],[3.66666666666667,17.7333333333333,16.7333333333333,16.4,4.66666666666667,17.8,16.6666666666667,10.0666666666667,13.0,26.1333333333333,8.33333333333333,13.0666666666667,21.3333333333333,34.4666666666667,0,18.4666666666667,21.4,12.7333333333333,8.33333333333333,21.4666666666667,29.7333333333333,8.4,16.6666666666667,29.8,4.66666666666667],[16.8,17.4,29.8666666666667,16.7333333333333,19.1333333333333,4.66666666666667,29.8,8.4,25.4666666666667,13.0,21.4666666666667,12.7333333333333,33.8,21.3333333333333,18.4666666666667,0,21.0666666666667,13.0666666666667,20.8,8.33333333333333,29.4,10.0666666666667,29.1333333333333,16.6666666666667,17.8],[25.0666666666667,3.66666666666667,38.1333333333333,25.0,16.7333333333333,16.4,38.0666666666667,16.6666666666667,8.4,10.0666666666667,29.7333333333333,8.33333333333333,12.7333333333333,13.0666666666667,21.4,21.0666666666667,0,21.3333333333333,13.0666666666667,12.7333333333333,8.33333333333333,13.0,10.0666666666667,8.4,26.0666666666667],[9.06666666666667,17.6666666666667,16.8,3.66666666666667,17.4,17.7333333333333,16.7333333333333,4.66666666666667,25.7333333333333,26.0666666666667,8.4,13.0,34.0666666666667,34.4,12.7333333333333,13.0666666666667,21.3333333333333,0,21.0666666666667,21.4,29.6666666666667,8.33333333333333,29.4,29.7333333333333,10.0666666666667],[12.0,9.4,25.0666666666667,24.7333333333333,3.66666666666667,20.1333333333333,25.0,16.4,4.66666666666667,17.8,16.6666666666667,10.0666666666667,13.0,26.1333333333333,8.33333333333333,20.8,13.0666666666667,21.0666666666667,0,18.4666666666667,21.4,12.7333333333333,8.33333333333333,21.4666666666667,13.0],[25.1333333333333,9.06666666666667,38.2,25.0666666666667,16.8,3.66666666666667,38.1333333333333,16.7333333333333,19.1333333333333,4.66666666666667,29.8,8.4,25.4666666666667,13.0,21.4666666666667,8.33333333333333,12.7333333333333,21.4,18.4666666666667,0,21.0666666666667,13.0666666666667,20.8,8.33333333333333,26.1333333333333],[33.4,12.0,46.4666666666667,33.3333333333333,25.0666666666667,24.7333333333333,46.4,25.0,16.7333333333333,16.4,38.0666666666667,16.6666666666667,8.4,10.0666666666667,29.7333333333333,29.4,8.33333333333333,29.6666666666667,21.4,21.0666666666667,0,21.3333333333333,13.0666666666667,12.7333333333333,34.4],[12.0666666666667,9.33333333333333,25.1333333333333,12.0,9.06666666666667,9.4,25.0666666666667,3.66666666666667,17.4,17.7333333333333,16.7333333333333,4.66666666666667,25.7333333333333,26.0666666666667,8.4,10.0666666666667,13.0,8.33333333333333,12.7333333333333,13.0666666666667,21.3333333333333,0,21.0666666666667,21.4,13.0666666666667],[20.3333333333333,11.7333333333333,33.4,33.0666666666667,12.0,24.4666666666667,33.3333333333333,24.7333333333333,3.66666666666667,20.1333333333333,25.0,16.4,4.66666666666667,17.8,16.6666666666667,29.1333333333333,10.0666666666667,29.4,8.33333333333333,20.8,13.0666666666667,21.0666666666667,0,18.4666666666667,21.3333333333333],[33.4666666666667,12.0666666666667,46.5333333333333,33.4,25.1333333333333,12.0,46.4666666666667,25.0666666666667,16.8,3.66666666666667,38.1333333333333,16.7333333333333,19.1333333333333,4.66666666666667,29.8,16.6666666666667,8.4,29.7333333333333,21.4666666666667,8.33333333333333,12.7333333333333,21.4,18.4666666666667,0,34.4666666666667],[1.0,22.4,12.0666666666667,11.7333333333333,9.33333333333333,22.4666666666667,12.0,9.4,17.6666666666667,30.8,3.66666666666667,17.7333333333333,26.0,39.1333333333333,4.66666666666667,17.8,26.0666666666667,10.0666666666667,13.0,26.1333333333333,34.4,13.0666666666667,21.3333333333333,34.4666666666667,0]]
! V = [[-12.1912403004941,-2.30152144806646,-1.10544634555769],[7.69933334151999,0.166661491370716,1.9449177814136],[-25.0375696610913,-3.4141994291712,-5.60264196956004],[-14.1046965316883,8.49346352843064,4.99618931482672],[-3.48728679408522,-5.50743822288835,-2.04843969068251],[5.67091239771524,10.9757132745655,-2.61594699869343],[-25.0087004167829,-2.92543006271526,4.78580124558893],[-6.04092357981075,5.89869718220153,1.42510447727879],[4.81595083398398,-9.65897659550414,-1.57821639404138],[14.8137558374606,6.5457496988415,-1.85365776606139],[-17.0836938903018,-1.88749839960685,-0.0897887767728981],[2.83431959893545,2.46174110123972,1.71298625484282],[11.854224308107,-15.0089131459205,0.513944231580935],[23.3967996617881,2.79781126840855,-0.545043187666357],[-8.37766322223559,-3.85747417133305,-1.78399701178803],[0.164096999228697,12.9913982066366,-2.59764046535115],[11.2861298501045,-2.03273696160741,2.54354312173277],[-10.9835351396679,7.07219389628412,2.54074023605431],[0.141827128731862,-7.50800991232919,-1.9630406651483],[9.7537662739718,8.74834210907979,-2.32628937922897],[18.77548663928,-6.35386354663743,5.47494538407155],[-2.13934774938433,4.38128394499534,1.3991583138144],[7.90274739248425,-12.1101457632294,-0.996910319805462],[18.6065282459691,4.45671014896078,-1.28000461712088],[-13.2612212237384,-2.42355819200557,-0.950266773726328]]
! s = 0.0682939231822593
! dmax = 10.0
