! /home/ag/src/q/q-midi-test/scales/helmholtz.scl
!
Helmholtz's Chromatic scale and Gipsy major from Slovakia
7
!
16/15
5/4
4/3
3/2
8/5
15/8
2/1
!!! information added by scale program -- DO NOT EDIT !!!
! PV = barlow
! M = [[0,13.0666666666667,8.4,4.66666666666667,3.66666666666667,9.4,12.0666666666667,1.0],[13.0666666666667,0,21.4666666666667,8.4,16.7333333333333,3.66666666666667,25.1333333333333,12.0666666666667],[8.4,21.4666666666667,0,13.0666666666667,10.0666666666667,17.8,3.66666666666667,9.4],[4.66666666666667,8.4,13.0666666666667,0,8.33333333333333,10.0666666666667,16.7333333333333,3.66666666666667],[3.66666666666667,16.7333333333333,10.0666666666667,8.33333333333333,0,13.0666666666667,8.4,4.66666666666667],[9.4,3.66666666666667,17.8,10.0666666666667,13.0666666666667,0,21.4666666666667,8.4],[12.0666666666667,25.1333333333333,3.66666666666667,16.7333333333333,8.4,21.4666666666667,0,13.0666666666667],[1.0,12.0666666666667,9.4,3.66666666666667,4.66666666666667,8.4,13.0666666666667,0]]
! V = [[-0.515077223270801,0.630984325118992,0.153263963014075],[12.2456770129093,-0.72189833395727,-0.558634802278609],[-8.87652554231803,-2.52660936589127,-1.72015527229359],[3.32064211121158,2.61752266932999,-2.51433403759093],[-3.32064216258589,2.61752326320058,2.51433353144773],[8.87652561716775,-2.52660878256856,1.72015590727941],[-12.2456770472201,-0.721898096182239,0.558634521073871],[0.515077234106187,0.630984320949772,-0.153263810651959]]
! s = 0.0548739639678272
! dmax = 10.0
