! /home/ag/src/q/q-midi-test/scales/kirnberger3v.scl
!
Variant well-temperament like Kirnberger 3, Kenneth Scholz, MTO 4.4, 1998
12
!
135/128
180/161
32/27
5/4
4/3
45/32
160/107
128/81
540/323
16/9
15/8
2/1
!!! information added by scale program -- DO NOT EDIT !!!
! PV = logeuler
! M = [[0,1.50514997831991,3.32469391386177,0.903089986991943,0.602059991327962,0.301029995663981,1.20411998265592,2.62736585659273,1.20411998265592,3.96454246607914,0.602059991327962,0.903089986991943,0.0],[1.50514997831991,0,2.42160392686983,2.40823996531185,0.903089986991943,1.80617997398389,0.301029995663981,2.92839585225671,2.70926996097583,2.45939248775923,2.10720996964787,0.602059991327962,1.50514997831991],[3.32469391386177,2.42160392686983,0,4.22778390085372,2.72263392253381,3.62572390952576,2.12057393120585,4.74793978779858,4.5288138965177,4.88099641462906,3.92675390518974,2.42160392686983,3.32469391386177],[0.903089986991943,2.40823996531185,4.22778390085372,0,1.50514997831991,0.602059991327962,2.10720996964787,3.53045584358468,0.301029995663981,4.86763245307108,0.301029995663981,1.80617997398389,0.903089986991943],[0.602059991327962,0.903089986991943,2.72263392253381,1.50514997831991,0,0.903089986991943,0.602059991327962,2.02530586526477,1.80617997398389,3.36248247475117,1.20411998265592,0.301029995663981,0.602059991327962],[0.301029995663981,1.80617997398389,3.62572390952576,0.602059991327962,0.903089986991943,0,1.50514997831991,2.92839585225671,0.903089986991943,4.26557246174312,0.301029995663981,1.20411998265592,0.301029995663981],[1.20411998265592,0.301029995663981,2.12057393120585,2.10720996964787,0.602059991327962,1.50514997831991,0,2.62736585659273,2.40823996531185,2.76042248342321,1.80617997398389,0.301029995663981,1.20411998265592],[2.62736585659273,2.92839585225671,4.74793978779858,3.53045584358468,2.02530586526477,2.92839585225671,2.62736585659273,0,3.83148583924866,5.38778834001594,3.22942584792069,2.32633586092875,2.62736585659273],[1.20411998265592,2.70926996097583,4.5288138965177,0.301029995663981,1.80617997398389,0.903089986991943,2.40823996531185,3.83148583924866,0,5.16866244873506,0.602059991327962,2.10720996964787,1.20411998265592],[3.96454246607914,2.45939248775923,4.88099641462906,4.86763245307108,3.36248247475117,4.26557246174312,2.76042248342321,5.38778834001594,5.16866244873506,0,4.5666024574071,3.06145247908719,3.96454246607914],[0.602059991327962,2.10720996964787,3.92675390518974,0.301029995663981,1.20411998265592,0.301029995663981,1.80617997398389,3.22942584792069,0.602059991327962,4.5666024574071,0,1.50514997831991,0.602059991327962],[0.903089986991943,0.602059991327962,2.42160392686983,1.80617997398389,0.301029995663981,1.20411998265592,0.301029995663981,2.32633586092875,2.10720996964787,3.06145247908719,1.50514997831991,0,0.903089986991943],[0.0,1.50514997831991,3.32469391386177,0.903089986991943,0.602059991327962,0.301029995663981,1.20411998265592,2.62736585659273,1.20411998265592,3.96454246607914,0.602059991327962,0.903089986991943,0]]
! V = [[-0.558890494251894,0.116213817072388,-0.067142566068645],[0.954342516810587,-0.00950210669295765,0.0358582352123782],[1.60814380770199,-2.15571922448803,-1.24399456927729],[-1.35298382292279,0.478694270045462,-0.488505602485889],[-0.0085935521946115,-0.124798829293802,0.191134928873568],[-0.825030556601048,0.239215439174679,-0.208464615285401],[0.646230584728102,-0.195160993923635,-0.00432590282751255],[-0.577503805340294,-1.01719088291291,2.39111931938486],[-1.61616462166757,0.59474414349153,-0.625457686927986],[3.05723494773147,1.76495386186931,0.333328073060928],[-1.08940459928349,0.360188613443756,-0.349388015064139],[0.321510089541449,-0.167851924858185,0.102980967473775],[-0.558890494251894,0.116213817072388,-0.067142566068645]]
! s = 0.0624469229445343
! dmax = 10.0
